# coffee and all-cause mortality (dosresmeta::coffee_mort), 22 studies
# study, dose, cases, n, logRR, SE, type
1, 0.5, 57, 249, 0, , ci
1, 2.5, 136, 655, -0.287682, 0.139119, ci
1, 4.5, 144, 619, -0.174353, 0.13732, ci
1, 6.5, 115, 387, 0.0861777, 0.140141, ci
2, 0, 17, 192, 0, , ci
2, 1.5, 88, 1121, -0.120358, 0.253154, ci
2, 3.5, 155, 2464, -0.341834, 0.244256, ci
2, 5.5, 155, 1986, -0.126171, 0.244056, ci
2, 7.5, 39, 575, -0.266526, 0.278419, ci
2, 9.5, 24, 427, -0.510826, 0.280258, ci
3, 0, 832, 34755, 0, , ci
3, 0.5, 564, 18106, -0.040822, 0.0587188, ci
3, 2, 2081, 53596, -0.0618754, 0.0435269, ci
3, 5, 658, 15541, -0.0725707, 0.0575383, ci
3, 8, 274, 5522, -0.127833, 0.0750611, ci
4, 0, 139, 1646, 0, , ci
4, 1.5, 101, 1619, -0.301105, 0.125976, ci
4, 3.5, 67, 1268, -0.301105, 0.143956, ci
4, 5.5, 65, 1112, -0.261365, 0.145162, ci
5, 0, 72, 1558, 0, , ci
5, 1.5, 63, 1603, -0.0833816, 0.168808, ci
5, 3.5, 30, 1296, -0.261365, 0.21403, ci
5, 5.5, 36, 1343, -0.235722, 0.200699, ci
6, 2, 172, 1712, 0, , ci
6, 0.495, 73, 545, 0.457425, 0.139089, ci
6, 5.5, 621, 5280, -0.0304592, 0.0840508, ci
6, 9.5, 335, 2538, 0.00995033, 0.0952052, ci
7, 2, 87, 1786, 0, , ci
7, 0.495, 19, 369, 0.113329, 0.248821, ci
7, 5.5, 289, 6732, -0.235722, 0.120405, ci
7, 9.5, 49, 1500, -0.478036, 0.173908, ci
8, 0.245, 132, 4685, 0, , ir
8, 0.75, 71, 4162, -0.356675, 0.151033, ir
8, 2.25, 43, 4858, -0.84397, 0.18927, ir
9, 0.245, 61, 4367, 0, , ir
9, 0.75, 31, 4981, -0.356675, 0.225685, ir
9, 2.25, 23, 5303, -0.274437, 0.264675, ir
12, 0, 436, 40836, 0, , ir
12, 0.5, 453, 43635, -0.0943107, 0.0669297, ir
12, 2, 2039, 204806, -0.162519, 0.0542249, ir
12, 4.5, 817, 80170, -0.210721, 0.0597432, ir
12, 6.5, 520, 40788, -0.139262, 0.0700094, ir
13, 0, 4733, 5502, 0, , ci
13, 0.495, 1207, 1476, -0.105361, 0.0310451, ci
13, 1, 2087, 2473, -0.040822, 0.0265972, ci
13, 2.5, 2674, 3301, -0.116534, 0.0256744, ci
13, 4.5, 685, 872, -0.0618754, 0.0405777, ci
14, 0.0165, 1553, 170743, 0, , ir
14, 0.302, 1570, 145607, 0.0676586, 0.0404261, ir
14, 0.85, 2117, 187985, 0.0198026, 0.0397075, ir
14, 2.5, 1289, 148389, -0.0304592, 0.0421745, ir
14, 4.5, 286, 37639, -0.0725707, 0.0710152, ir
14, 6.5, 73, 10601, -0.223144, 0.131953, ir
15, 0.0165, 1665, 319326, 0, , ir
15, 0.302, 1610, 247470, -0.0202027, 0.0365053, ir
15, 0.85, 3946, 609374, -0.0725707, 0.0303723, ir
15, 2.5, 2876, 563666, -0.198451, 0.0311486, ir
15, 4.5, 738, 172583, -0.301105, 0.0446279, ir
15, 6.5, 260, 60180, -0.18633, 0.0671983, ir
16, 1.5, 139, 1336, 0, , ir
16, 0, 36, 384, -0.0202027, 0.191616, ir
16, 3.5, 257, 2787, -0.040822, 0.108898, ir
16, 5.5, 161, 1991, -0.105361, 0.126642, ir
16, 7.5, 30, 462, -0.274437, 0.212477, ir
17, 0.5, 108, 36162, 0, , ir
17, 2, 192, 65806, -0.150823, 0.0562609, ir
17, 3, 183, 72844, -0.18633, 0.0555417, ir
17, 4, 141, 56455, -0.174353, 0.061028, ir
17, 5.5, 160, 88590, -0.139262, 0.0582292, ir
18, 0.495, 259, 75809, 0, , ir
18, 2, 375, 103179, -0.0725707, 0.0821174, ir
18, 4.505, 597, 158932, -0.116534, 0.07668, ir
18, 7.505, 174, 47550, -0.0725707, 0.105663, ir
19, 0, 365, 31959, 0, , ir
19, 0.495, 629, 65962, -0.040822, 0.0718469, ir
19, 1.5, 443, 58813, -0.0943107, 0.0782475, ir
19, 3.5, 210, 31422, -0.116534, 0.0964454, ir
20, 0, 222, 37138, 0, , ir
20, 0.495, 331, 77154, -0.127833, 0.0951479, ir
20, 1.5, 206, 68003, -0.198451, 0.111051, ir
20, 3.5, 48, 20477, -0.287682, 0.174405, ir
21, 0.495, 8989, 413510, 0, , ir
21, 1, 1035, 61914, -0.0512933, 0.0322664, ir
21, 2.5, 1004, 83801, -0.150823, 0.0352424, ir
21, 4.5, 150, 15545, -0.223144, 0.0852983, ir
22, 0.495, 7098, 613607, 0, , ir
22, 1, 738, 111465, -0.198451, 0.0402814, ir
22, 2.5, 474, 100872, -0.18633, 0.0493294, ir
22, 4.5, 44, 10944, -0.116534, 0.152509, ir
23, 0, 2766, 21080, 0, , ci
23, 0.5, 4931, 34710, -0.0100503, 0.0230903, ci
23, 0.995, 5049, 33961, -0.0618754, 0.0243138, ci
23, 2.5, 14115, 97144, -0.105361, 0.0199623, ci
23, 4.5, 4966, 32084, -0.127833, 0.025965, ci
23, 6.5, 1904, 10139, -0.105361, 0.0310451, ci
24, 0, 2161, 20865, 0, , ci
24, 0.495, 3221, 30085, 0.00995033, 0.0276736, ci
24, 1, 3388, 31355, -0.0512933, 0.029416, ci
24, 2.5, 7140, 68250, -0.139262, 0.0262622, ci
24, 4.5, 2099, 17434, -0.174353, 0.0332556, ci
24, 6.5, 775, 5152, -0.162519, 0.0448701, ci